0.41755104064941406 0.8439852595329285 0.30631524324417114
0.4747749865055084 0.8623720407485962 0.28495150804519653
0.5667133331298828 0.88994961977005 0.12792176008224487
0.682378351688385 0.9013283848762512 -0.16236497461795807
0.7994140386581421 0.8776386976242065 -0.46553999185562134
0.9051877856254578 0.8194055557250977 -0.7675691246986389
0.9892011880874634 0.7321215867996216 -1.0733968019485474
1.0427850484848022 0.6240062117576599 -1.373425841331482
1.0620111227035522 0.5045729279518127 -1.6635466814041138
1.046703577041626 0.38280224800109863 -1.890659213066101
1.0056772232055664 0.26803722977638245 -2.070655345916748
0.9452274441719055 0.16233514249324799 -2.2171266078948975
0.8711587190628052 0.06712163984775543 -2.3316617012023926
0.7705709338188171 -0.03414963558316231 -2.439568519592285
0.6613765954971313 -0.12317994982004166 -2.526627540588379
0.5467723608016968 -0.20185375213623047 -2.5928826332092285
0.4297741949558258 -0.27176955342292786 -2.6446328163146973
0.33166342973709106 -0.3245069086551666 -2.6790688037872314
0.233880877494812 -0.37297284603118896 -2.7051539421081543
0.13732776045799255 -0.4178256094455719 -2.727114677429199
0.04203124716877937 -0.4595736861228943 -2.7451727390289307
-0.051390957087278366 -0.4985939860343933 -2.7599222660064697
-0.14257557690143585 -0.5350979566574097 -2.772388458251953
-0.23116469383239746 -0.5693604946136475 -2.7829675674438477
-0.3170468509197235 -0.6015381217002869 -2.7917122840881348
-0.3997204005718231 -0.6317007541656494 -2.7989463806152344
-0.47905683517456055 -0.6600066423416138 -2.805138111114502
-0.5547486543655396 -0.6864883303642273 -2.8102328777313232
-0.6266782879829407 -0.7112594246864319 -2.814568281173706
-0.6947396993637085 -0.7343350052833557 -2.8182578086853027
-0.7587794661521912 -0.7558356523513794 -2.8213841915130615
-0.8186885714530945 -0.7757250070571899 -2.8241257667541504
-0.8745614886283875 -0.7940701842308044 -2.8265626430511475
-0.9263664484024048 -0.811019241809845 -2.8284237384796143
-0.9830907583236694 -0.8294054865837097 -2.8302462100982666
-1.0350022315979004 -0.8461089134216309 -2.8319661617279053
-1.081558346748352 -0.8610321283340454 -2.8333396911621094
-1.1168197393417358 -0.8722962141036987 -2.834369659423828
-1.1482983827590942 -0.8822792172431946 -2.8352322578430176
-1.1767394542694092 -0.8913034200668335 -2.836088180541992
-1.2071778774261475 -0.900945782661438 -2.836869239807129
-1.2345019578933716 -0.9095638990402222 -2.8375601768493652
-1.258607268333435 -0.9171205759048462 -2.8382110595703125
-1.2881758213043213 -0.926770806312561 -2.838731527328491
-1.3822323083877563 -0.9574960470199585 -2.928900718688965
-1.517350435256958 -0.9803540110588074 3.041188955307007
-1.661536455154419 -0.9556019902229309 2.682521104812622
-1.7888609170913696 -0.8804085850715637 2.3159661293029785
-1.8816388845443726 -0.7644174695014954 1.9535540342330933
-1.9267680644989014 -0.6226560473442078 1.5984665155410767
-1.9212887287139893 -0.4735843241214752 1.2859920263290405
-1.8729441165924072 -0.3334033191204071 1.05447256565094
-1.810142159461975 -0.2275252640247345 0.9069538712501526
-1.733912467956543 -0.13297276198863983 0.796119213104248
-1.649574875831604 -0.04865824431180954 0.7043954133987427
-1.5585800409317017 0.0272301584482193 0.6312045454978943
-1.4638358354568481 0.09543188661336899 0.5727731585502625
-1.3669641017913818 0.15719880163669586 0.5249298214912415
-1.2689825296401978 0.21341697871685028 0.4866752326488495
-1.1707528829574585 0.264988511800766 0.45508426427841187
-1.073102355003357 0.3125110864639282 0.429022878408432
-0.9764439463615417 0.3565033972263336 0.4075169265270233
-0.8812860250473022 0.3973650336265564 0.3900097608566284
-0.7881125211715698 0.43559637665748596 0.3752576410770416
-0.6972387433052063 0.4713609218597412 0.36287903785705566
-0.6089364290237427 0.5048888325691223 0.35274967551231384
-0.5234982967376709 0.5363534092903137 0.3442499041557312
-0.44118109345436096 0.5658708810806274 0.33712273836135864
-0.3622710406780243 0.593542754650116 0.3310868740081787
-0.2869682013988495 0.6194182634353638 0.32609203457832336
-0.21539945900440216 0.6436297297477722 0.3218592703342438
-0.1477777659893036 0.6662179827690125 0.3182189166545868
-0.08419017493724823 0.6872343420982361 0.31513550877571106
-0.024705665186047554 0.7066220045089722 0.31255608797073364
0.03069167770445347 0.72453373670578 0.31026148796081543
0.08200106024742126 0.741034746170044 0.30831483006477356
0.1293824464082718 0.7561691999435425 0.3066614866256714
0.17293664813041687 0.7699850797653198 0.305143266916275
0.2127542793750763 0.7826043963432312 0.3038203716278076
0.24910792708396912 0.7940242290496826 0.3027360737323761
0.2821657955646515 0.8044112920761108 0.30176225304603577
0.3121150732040405 0.8137553334236145 0.3009345531463623
0.3392416536808014 0.822185218334198 0.300193190574646
0.36372438073158264 0.8297954797744751 0.2994793653488159
0.38580140471458435 0.836617648601532 0.29892879724502563
0.4057498872280121 0.8427785634994507 0.2984340190887451
