0.4101552367210388 1.0152218341827393 0.5099714994430542 0.6996306777000427
0.47103020548820496 1.0337262153625488 0.5640820264816284 0.7160749435424805
0.5898194313049316 1.0597808361053467 0.6320504546165466 0.7314858436584473
0.7531195282936096 1.0574382543563843 0.6996169686317444 0.7307908535003662
0.9135421514511108 1.0055112838745117 0.7649586200714111 0.7097344398498535
1.052182912826538 0.9075437784194946 0.8223438262939453 0.6693527698516846
1.15590500831604 0.7719143033027649 0.8650156855583191 0.6139764785766602
1.213803768157959 0.6127499341964722 0.8892307877540588 0.547839343547821
1.2226673364639282 0.4448601007461548 0.8930896520614624 0.47551214694976807
1.1897889375686646 0.28845319151878357 0.8755764365196228 0.39252763986587524
1.129556655883789 0.1495908796787262 0.8390525579452515 0.3082362711429596
1.0504978895187378 0.027080878615379333 0.7862582206726074 0.22642585635185242
0.9602852463722229 -0.0792747288942337 0.7205590009689331 0.14896276593208313
0.8434075117111206 -0.18929725885391235 0.629656195640564 0.06343059241771698
0.720447838306427 -0.284073144197464 0.529480516910553 -0.013716921210289001
0.5950653553009033 -0.36630481481552124 0.42241641879081726 -0.0838983952999115
0.4694973826408386 -0.4384987950325012 0.3116875886917114 -0.1475399136543274
0.365620493888855 -0.49250364303588867 0.21792180836200714 -0.1962839514017105
0.26344871520996094 -0.5417994260787964 0.12352626025676727 -0.24182821810245514
0.16317957639694214 -0.5872561931610107 0.029877960681915283 -0.28428471088409424
0.06481803953647614 -0.6294472813606262 -0.06299106776714325 -0.3241181969642639
-0.031107056885957718 -0.6687808632850647 -0.15439900755882263 -0.3615999221801758
-0.12441223859786987 -0.7055303454399109 -0.24386534094810486 -0.39683637022972107
-0.21481288969516754 -0.7399752140045166 -0.3309936225414276 -0.430034875869751
-0.30217987298965454 -0.7722856402397156 -0.415645956993103 -0.4613412022590637
-0.3860933184623718 -0.8025549650192261 -0.4973069727420807 -0.490797758102417
-0.46648523211479187 -0.8309414386749268 -0.5757665038108826 -0.5185016989707947
-0.5430489182472229 -0.8574833273887634 -0.6507368683815002 -0.5444908142089844
-0.6157218813896179 -0.8823050260543823 -0.7220519781112671 -0.5688486099243164
-0.684417188167572 -0.9054147005081177 -0.7895900011062622 -0.591568112373352
-0.7489890456199646 -0.9269484281539917 -0.8531801700592041 -0.6127745509147644
-0.8093752264976501 -0.9468604326248169 -0.9127046465873718 -0.6324020624160767
-0.8656620979309082 -0.9652342796325684 -0.9682248830795288 -0.6505250334739685
-0.9177858829498291 -0.9821949005126953 -1.0197627544403076 -0.6672953367233276
-0.9748266935348511 -1.0005990266799927 -1.0762295722961426 -0.6855141520500183
-1.0270318984985352 -1.017316460609436 -1.1278926134109497 -0.7020576000213623
-1.073828935623169 -1.0322540998458862 -1.1742565631866455 -0.7168570160865784
-1.1092603206634521 -1.0435229539871216 -1.2093631029129028 -0.7280225157737732
-1.1408835649490356 -1.0535120964050293 -1.240714192390442 -0.7379255294799805
-1.1694730520248413 -1.0625451803207397 -1.269033432006836 -0.7468733191490173
-1.2000532150268555 -1.0721938610076904 -1.299367070198059 -0.7564443349838257
-1.2274936437606812 -1.0808147192001343 -1.3265892267227173 -0.7649965882301331
-1.2517098188400269 -1.0883774757385254 -1.350599765777588 -0.7724949717521667
-1.281376600265503 -1.098036527633667 -1.3801021575927734 -0.7821024656295776
-1.3908584117889404 -1.1286697387695312 -1.4607341289520264 -0.8051292896270752
-1.5782747268676758 -1.1405333280563354 -1.545101284980774 -0.8111998438835144
-1.774812936782837 -1.0842058658599854 -1.6281455755233765 -0.7874741554260254
-1.940724492073059 -0.959862470626831 -1.6974515914916992 -0.7354090809822083
-2.0517985820770264 -0.7848706245422363 -1.7447519302368164 -0.6612446308135986
-2.0934290885925293 -0.5826846361160278 -1.7625559568405151 -0.5735226273536682
-2.0675928592681885 -0.38430163264274597 -1.7499253749847412 -0.4772984981536865
-1.9948561191558838 -0.21293526887893677 -1.7070032358169556 -0.37634190917015076
-1.9130220413208008 -0.09044235944747925 -1.6523138284683228 -0.29438403248786926
-1.8210046291351318 0.014645054936408997 -1.5844535827636719 -0.2168816328048706
-1.722779393196106 0.10631432384252548 -1.5084294080734253 -0.14590604603290558
-1.620258092880249 0.18714073300361633 -1.4249258041381836 -0.08007881045341492
-1.516066312789917 0.25867241621017456 -1.3366725444793701 -0.01949811726808548
-1.4113273620605469 0.3227529525756836 -1.245442271232605 0.03632120043039322
-1.3069826364517212 0.3805452585220337 -1.1521735191345215 0.08797872066497803
-1.2034574747085571 0.43323349952697754 -1.0579665899276733 0.13592322170734406
-1.1014087200164795 0.4815521240234375 -0.963714599609375 0.18055151402950287
-1.0011142492294312 0.5261111259460449 -0.8699248433113098 0.2222190946340561
-0.9029814600944519 0.5673792958259583 -0.7771321535110474 0.2612372040748596
-0.8072989583015442 0.6059125661849976 -0.685979425907135 0.29794740676879883
-0.7143126726150513 0.6419039368629456 -0.5968145132064819 0.33246058225631714
-0.6242809295654297 0.6755951046943665 -0.5099231600761414 0.3649774193763733
-0.5373885035514832 0.7071830630302429 -0.42567506432533264 0.3956046402454376
-0.4538576006889343 0.7367954254150391 -0.3443676233291626 0.42442870140075684
-0.37391453981399536 0.7645379304885864 -0.26631197333335876 0.4515160322189331
-0.2977606952190399 0.7904713153839111 -0.19172289967536926 0.4769158959388733
-0.22547045350074768 0.8147276639938354 -0.12076082080602646 0.5007262229919434
-0.15722355246543884 0.8373527526855469 -0.05365768074989319 0.5229722261428833
-0.09310494363307953 0.858396053314209 0.00949104130268097 0.5436975955963135
-0.03317936509847641 0.8778071999549866 0.06860453635454178 0.5628451704978943
0.022612763568758965 0.8957385420799255 0.1236736848950386 0.5805438160896301
0.07425935566425323 0.912256121635437 0.17470648884773254 0.5968652963638306
0.12192120403051376 0.9274020195007324 0.2218467742204666 0.6118454933166504
0.16573449969291687 0.9412297010421753 0.2651808559894562 0.6255218386650085
0.20578162372112274 0.9538562893867493 0.3048102557659149 0.6380171775817871
0.24231861531734467 0.9652863144874573 0.34100472927093506 0.6493399739265442
0.2755439877510071 0.9756785035133362 0.37392234802246094 0.6596362590789795
0.3056369423866272 0.9850285053253174 0.40375369787216187 0.6689049601554871
0.3328874409198761 0.9934614300727844 0.43076983094215393 0.6772651672363281
0.3574969470500946 1.0010790824890137 0.45515358448028564 0.6848130226135254
0.3796718716621399 1.0079063177108765 0.47715434432029724 0.6915866136550903
0.3996981084346771 1.0140681266784668 0.4970240890979767 0.6977001428604126
